38.694  -5.7646  -0.10578  0.52388  -0.47508  -0.44589  -0.47561  0.098259  -0.58032  -0.32732  0.68319  1.0516  0.027516  -0.54939  -0.18537  -0.13001  -0.073544  0.055709  -1.0009  0.24172  -0.011486  0.17123  -0.064696  -0.066387  -0.40075  0.12516  0.13095
-5.7646  20.547  5.4137  0.41257  -0.26011  -0.71933  1.3039  -1.7828  2.8686  2.5713  -1.7302  -1.3132  0.26799  0.75931  0.8792  -0.21267  -0.22885  -0.099605  0.98638  -0.64209  -0.052866  -0.13434  0.085129  0.34322  0.17801  0.0043542  -0.22892
-0.10578  5.4137  12.91  -3.0064  -1.1974  1.8043  -0.70646  -3.3208  3.0291  0.37298  -0.55179  -0.24943  0.045308  0.3767  0.25077  -0.05308  -0.47678  0.12451  0.72619  -0.10141  -0.34946  0.086436  0.15982  0.090553  -0.13375  0.004307  -0.029465
0.52388  0.41257  -3.0064  5.5167  -1.5395  -0.083319  -0.51755  1.0156  -0.30727  -0.45573  0.113  -0.038492  0.1449  0.008208  -0.025704  -0.071518  0.19475  0.029217  -0.30891  0.060279  0.091379  -0.14049  0.05022  -0.0058613  0.08439  -0.045982  0.021111
-0.47508  -0.26011  -1.1974  -1.5395  3.8501  -1.317  0.58383  0.19924  -0.51617  0.39109  -0.04747  0.091835  -0.28167  -0.13297  -0.012372  0.084236  0.036249  0.13501  0.18701  -0.0766  0.12102  -0.0029817  -0.19394  0.02178  0.012109  0.0076091  0.0035242
-0.44589  -0.71933  1.8043  -0.083319  -1.317  4.5043  -1.3886  -1.8106  0.85735  0.14176  0.011817  -0.18489  -0.16259  0.22712  0.14113  0.12096  -0.3082  -0.16839  0.12666  0.20795  -0.095449  -0.12535  0.021036  -0.035132  0.08969  -0.018364  -0.0043849
-0.47561  1.3039  -0.70646  -0.51755  0.58383  -1.3886  2.3871  -0.29083  -0.35466  0.5951  -0.086075  -0.07445  -0.20183  -0.16951  0.12392  0.14117  0.17577  0.017222  0.13575  -0.054235  0.14103  -0.059035  -0.053249  0.029863  -0.077842  0.073642  -0.03821
0.098259  -1.7828  -3.3208  1.0156  0.19924  -1.8106  -0.29083  3.4196  -1.8397  -0.20699  0.041522  0.027145  0.25494  -0.068994  -0.19711  -0.10221  0.12828  0.05138  -0.21539  -0.090669  -0.0067373  0.13482  -0.0048892  -0.052762  -0.0087028  -0.045447  0.081067
-0.58032  2.8686  3.0291  -0.30727  -0.51617  0.85735  -0.35466  -1.8397  3.6403  0.33009  -0.29543  0.047846  0.10459  0.27471  0.073164  0.0052934  -0.22274  -0.027143  0.013265  -0.012065  -0.050231  0.037697  0.12045  0.059368  0.003865  -0.042643  -0.1814
-0.32732  2.5713  0.37298  -0.45573  0.39109  0.14176  0.5951  -0.20699  0.33009  3.197  -1.0252  -0.90943  -0.22144  0.12674  0.31839  0.22672  0.072167  -0.1056  0.97707  -0.25048  -0.1628  -0.060602  -0.14136  0.13526  0.15739  0.061267  -0.10977
0.68319  -1.7302  -0.55179  0.113  -0.04747  0.011817  -0.086075  0.041522  -0.29543  -1.0252  0.6919  0.24196  -0.06774  -0.086634  -0.12955  0.010141  -0.019646  0.054621  -0.37236  0.16686  0.073291  -0.0010216  0.031124  -0.065548  -0.040717  -0.0036775  0.035998
1.0516  -1.3132  -0.24943  -0.038492  0.091835  -0.18489  -0.07445  0.027145  0.047846  -0.90943  0.24196  0.76653  -0.090449  -0.16634  -0.11983  -0.070009  0.011586  0.032371  -0.401  0.087003  0.14723  0.03659  0.013546  -0.036522  -0.09398  -0.023755  0.020837
0.027516  0.26799  0.045308  0.1449  -0.28167  -0.16259  -0.20183  0.25494  0.10459  -0.22144  -0.06774  -0.090449  0.49016  -0.011979  -0.098431  -0.11695  -0.012632  -0.029765  -0.082651  -0.019636  -0.047861  0.058183  0.037294  -0.011372  -0.024185  -0.022127  0.025657
-0.54939  0.75931  0.3767  0.008208  -0.13297  0.22712  -0.16951  -0.068994  0.27471  0.12674  -0.086634  -0.16634  -0.011979  0.32632  0.017714  -0.060617  -0.092777  -0.022114  0.041504  -0.0095068  -0.029433  -0.019359  0.047254  0.019963  0.023454  -0.017421  -0.027869
-0.18537  0.8792  0.25077  -0.025704  -0.012372  0.14113  0.12392  -0.19711  0.073164  0.31839  -0.12955  -0.11983  -0.098431  0.017714  0.24998  -0.026012  -0.041317  -0.028786  0.13212  -0.050755  -0.020121  -0.01969  -0.023928  0.056405  0.00066896  0.019165  -0.019542
-0.13001  -0.21267  -0.05308  -0.071518  0.084236  0.12096  0.14117  -0.10221  0.0052934  0.22672  0.010141  -0.070009  -0.11695  -0.060617  -0.026012  0.22775  0.0052462  -0.012079  0.070965  0.0024287  0.011145  -0.015164  -0.02631  -0.010403  0.040216  0.013678  -0.024972
-0.073544  -0.22885  -0.47678  0.19475  0.036249  -0.3082  0.17577  0.12828  -0.22274  0.072167  -0.019646  0.011586  -0.012632  -0.092777  -0.041317  0.0052462  0.22719  -0.037459  0.015975  -0.017479  0.023176  -0.0048654  -0.019885  0.0047489  0.0075597  0.025385  -0.0032211
0.055709  -0.099605  0.12451  0.029217  0.13501  -0.16839  0.017222  0.05138  -0.027143  -0.1056  0.054621  0.032371  -0.029765  -0.022114  -0.028786  -0.012079  -0.037459  0.17008  -0.020747  0.023254  -0.0081595  0.0084422  -0.015349  -0.0073012  0.0082061  -0.0031829  0.021101
-1.0009  0.98638  0.72619  -0.30891  0.18701  0.12666  0.13575  -0.21539  0.013265  0.97707  -0.37236  -0.401  -0.082651  0.041504  0.13212  0.070965  0.015975  -0.020747  0.80228  -0.2383  -0.16338  -0.041429  -0.044652  0.050684  0.048857  0.05261  -0.010818
0.24172  -0.64209  -0.10141  0.060279  -0.0766  0.20795  -0.054235  -0.090669  -0.012065  -0.25048  0.16686  0.087003  -0.019636  -0.0095068  -0.050755  0.0024287  -0.017479  0.023254  -0.2383  0.22123  -0.0061348  -0.022837  -0.001706  -0.042958  0.0055453  -0.0049527  0.0213
-0.011486  -0.052866  -0.34946  0.091379  0.12102  -0.095449  0.14103  -0.0067373  -0.050231  -0.1628  0.073291  0.14723  -0.047861  -0.029433  -0.020121  0.011145  0.023176  -0.0081595  -0.16338  -0.0061348  0.1872  -0.04076  -0.025205  -0.00086912  -0.0074199  0.00213  -0.029451
0.17123  -0.13434  0.086436  -0.14049  -0.0029817  -0.12535  -0.059035  0.13482  0.037697  -0.060602  -0.0010216  0.03659  0.058183  -0.019359  -0.01969  -0.015164  -0.0048654  0.0084422  -0.041429  -0.022837  -0.04076  0.11365  -0.0056334  -0.00036212  -0.028895  -0.015151  0.006352
-0.064696  0.085129  0.15982  0.05022  -0.19394  0.021036  -0.053249  -0.0048892  0.12045  -0.14136  0.031124  0.013546  0.037294  0.047254  -0.023928  -0.02631  -0.019885  -0.015349  -0.044652  -0.001706  -0.025205  -0.0056334  0.10433  -0.022245  -0.0306  -0.018408  0.005092
-0.066387  0.34322  0.090553  -0.0058613  0.02178  -0.035132  0.029863  -0.052762  0.059368  0.13526  -0.065548  -0.036522  -0.011372  0.019963  0.056405  -0.010403  0.0047489  -0.0073012  0.050684  -0.042958  -0.00086912  -0.00036212  -0.022245  0.071013  -0.0071969  -0.0010859  -0.010079
-0.40075  0.17801  -0.13375  0.08439  0.012109  0.08969  -0.077842  -0.0087028  0.003865  0.15739  -0.040717  -0.09398  -0.024185  0.023454  0.00066896  0.040216  0.0075597  0.0082061  0.048857  0.0055453  -0.0074199  -0.028895  -0.0306  -0.0071969  0.10982  -0.007191  -0.028156
0.12516  0.0043542  0.004307  -0.045982  0.0076091  -0.018364  0.073642  -0.045447  -0.042643  0.061267  -0.0036775  -0.023755  -0.022127  -0.017421  0.019165  0.013678  0.025385  -0.0031829  0.05261  -0.0049527  0.00213  -0.015151  -0.018408  -0.0010859  -0.007191  0.064809  -0.017443
0.13095  -0.22892  -0.029465  0.021111  0.0035242  -0.0043849  -0.03821  0.081067  -0.1814  -0.10977  0.035998  0.020837  0.025657  -0.027869  -0.019542  -0.024972  -0.0032211  0.021101  -0.010818  0.0213  -0.029451  0.006352  0.005092  -0.010079  -0.028156  -0.017443  0.073989
