0.035761  0.0075538  -0.011109  -0.014937  0.0013407  0.011016  0.01129  0.023584  0.018354  -0.090195  -0.091305  -0.088391  -0.036233  -0.0089509  0.0089397  0.010681  0.041241  0.0066079  0.17987  0.22329  0.23944  0.16258  0.17781  0.12725  0.1499  -0.071378  0.024752
0.0075538  0.11008  -0.045635  -0.045402  -0.024929  0.028182  -0.075701  0.0097323  -0.04471  0.0043716  0.14142  0.090936  -0.039537  -0.076573  -0.18809  0.081253  0.091829  0.074046  0.089327  0.1517  -0.1336  -0.044264  -0.17001  -0.12494  -0.34933  -0.18803  -0.23952
-0.011109  -0.045635  0.19845  0.1151  0.10105  0.04805  0.13892  0.12976  -0.031307  0.09926  0.14402  0.050429  0.019848  -0.038729  -0.046143  -0.15428  -0.020703  -0.31689  -0.31519  -0.34572  -0.17843  -0.17104  -0.076463  0.030374  0.40298  0.2078  0.05108
-0.014937  -0.045402  0.1151  0.34627  0.17265  0.028631  0.14922  -0.039042  -0.050909  0.10096  0.04946  0.056944  -0.055285  -0.095194  -0.26832  -0.26233  -0.46437  -0.45305  -0.12477  -0.16344  -0.12985  0.51056  0.19955  0.16693  0.35785  0.53558  0.068823
0.0013407  -0.024929  0.10105  0.17265  0.46747  0.18438  0.14961  0.097405  0.011177  0.013295  0.059912  0.030812  0.16797  -0.038211  0.0068653  -0.13814  0.0031691  -0.32474  -0.1894  -0.1101  -0.18036  0.29953  0.80124  0.38393  0.57467  0.63003  0.12615
0.011016  0.028182  0.04805  0.028631  0.18438  0.62266  0.41929  0.37473  0.079662  -0.042578  0.10062  0.06393  0.046342  -0.17854  -0.32858  -0.38124  0.39211  0.29813  -0.22475  -0.53395  -0.37892  0.057576  0.22771  0.48851  0.30181  0.28601  -0.19057
0.01129  -0.075701  0.13892  0.14922  0.14961  0.41929  1.0382  0.37964  0.18217  -0.16722  -0.0806  -0.051661  -0.16951  -0.16751  -0.67136  -0.88196  -0.50906  -0.56  -0.27601  -0.58263  -0.56346  0.32166  0.22633  0.8611  1.7009  0.67551  0.59071
0.023584  0.0097323  0.12976  -0.039042  0.097405  0.37473  0.37964  0.90489  0.39114  -0.23465  0.019696  -0.22333  -0.34825  -0.44516  -0.11853  -0.34957  0.13551  -0.2939  0.2418  0.37248  0.28698  -0.28511  0.17981  0.79445  0.60772  0.38979  0.31686
0.018354  -0.04471  -0.031307  -0.050909  0.011177  0.079662  0.18217  0.39114  0.70148  -0.28056  -0.15418  -0.58348  -0.54344  -0.47203  -0.13301  -0.44385  0.043355  -0.34923  0.17772  0.085727  0.48794  -0.072964  -0.17877  0.23423  0.55799  0.57836  1.5658
-0.090195  0.0043716  0.09926  0.10096  0.013295  -0.042578  -0.16722  -0.23465  -0.28056  1.7259  2.0296  1.716  1.2824  0.88649  0.41695  0.13556  0.21867  0.47368  -1.413  -2.0131  -1.718  -1.3673  -0.7378  -1.4925  -0.66831  0.086927  0.093094
-0.091305  0.14142  0.14402  0.04946  0.059912  0.10062  -0.0806  0.019696  -0.15418  2.0296  5.282  2.5198  2.4476  1.8708  1.5775  0.64418  1.3892  0.49174  -0.78754  -2.9947  -2.7315  -2.187  -2.1821  -1.9127  -0.78747  -1.1425  -0.48589
-0.088391  0.090936  0.050429  0.056944  0.030812  0.06393  -0.051661  -0.22333  -0.58348  1.716  2.5198  5.5541  3.7544  3.7321  3.0093  2.9986  1.7753  1.4959  -0.29826  -1.8559  -3.3612  -2.1999  -1.2289  -2.0379  0.21423  -0.31103  -0.29476
-0.036233  -0.039537  0.019848  -0.055285  0.16797  0.046342  -0.16951  -0.34825  -0.54344  1.2824  2.4476  3.7544  6.584  4.1307  5.0209  4.4603  2.9728  2.8753  0.35844  -0.55487  -0.92976  -2.0429  -0.77874  -2.3368  -0.86969  -1.567  -0.95769
-0.0089509  -0.076573  -0.038729  -0.095194  -0.038211  -0.17854  -0.16751  -0.44516  -0.47203  0.88649  1.8708  3.7321  4.1307  8.5972  4.8589  5.1531  4.3524  2.8167  -0.41381  -2.0654  -2.1928  -2.0428  -3.8847  -4.805  -2.3196  -1.7198  0.75572
0.0089397  -0.18809  -0.046143  -0.26832  0.0068653  -0.32858  -0.67136  -0.11853  -0.13301  0.41695  1.5775  3.0093  5.0209  4.8589  11.709  5.8219  5.0847  3.6745  0.68018  0.33692  0.5733  -1.0111  -0.19556  -6.076  -0.9885  -3.2705  0.57722
0.010681  0.081253  -0.15428  -0.26233  -0.13814  -0.38124  -0.88196  -0.34957  -0.44385  0.13556  0.64418  2.9986  4.4603  5.1531  5.8219  10.637  3.9293  3.3667  0.0011096  -0.41651  -1.4533  -2.4273  -1.6027  -2.8904  -3.8188  -2.6718  0.22905
0.041241  0.091829  -0.020703  -0.46437  0.0031691  0.39211  -0.50906  0.13551  0.043355  0.21867  1.3892  1.7753  2.9728  4.3524  5.0847  3.9293  9.7908  4.3115  -0.17019  -0.97905  -1.6647  -2.7593  -2.4046  -4.5238  -3.7603  -4.9685  -1.5456
0.0066079  0.074046  -0.31689  -0.45305  -0.32474  0.29813  -0.56  -0.2939  -0.34923  0.47368  0.49174  1.4959  2.8753  2.8167  3.6745  3.3667  4.3115  10.027  -0.057149  -0.92117  -0.704  -2.2548  -0.51601  -2.8156  -4.2728  -3.2882  -3.6077
0.17987  0.089327  -0.31519  -0.12477  -0.1894  -0.22475  -0.27601  0.2418  0.17772  -1.413  -0.78754  -0.29826  0.35844  -0.41381  0.68018  0.0011096  -0.17019  -0.057149  8.2811  10.145  9.4735  7.6119  6.3135  4.3203  2.4282  -1.0398  0.41204
0.22329  0.1517  -0.34572  -0.16344  -0.1101  -0.53395  -0.58263  0.37248  0.085727  -2.0131  -2.9947  -1.8559  -0.55487  -2.0654  0.33692  -0.41651  -0.97905  -0.92117  10.145  20.212  14.391  12.569  11.464  9.667  3.8793  0.70382  0.5178
0.23944  -0.1336  -0.17843  -0.12985  -0.18036  -0.37892  -0.56346  0.28698  0.48794  -1.718  -2.7315  -3.3612  -0.92976  -2.1928  0.5733  -1.4533  -1.6647  -0.704  9.4735  14.391  23.354  16.12  14.641  8.8611  8.4135  4.5232  8.3402
0.16258  -0.044264  -0.17104  0.51056  0.29953  0.057576  0.32166  -0.28511  -0.072964  -1.3673  -2.187  -2.1999  -2.0429  -2.0428  -1.0111  -2.4273  -2.7593  -2.2548  7.6119  12.569  16.12  25.7  15.495  10.09  11.907  8.4188  7.2097
0.17781  -0.17001  -0.076463  0.19955  0.80124  0.22771  0.22633  0.17981  -0.17877  -0.7378  -2.1821  -1.2289  -0.77874  -3.8847  -0.19556  -1.6027  -2.4046  -0.51601  6.3135  11.464  14.641  15.495  28.776  15.284  14.501  10.566  7.3297
0.12725  -0.12494  0.030374  0.16693  0.38393  0.48851  0.8611  0.79445  0.23423  -1.4925  -1.9127  -2.0379  -2.3368  -4.805  -6.076  -2.8904  -4.5238  -2.8156  4.3203  9.667  8.8611  10.09  15.284  30.287  11.884  9.3289  6.1337
0.1499  -0.34933  0.40298  0.35785  0.57467  0.30181  1.7009  0.60772  0.55799  -0.66831  -0.78747  0.21423  -0.86969  -2.3196  -0.9885  -3.8188  -3.7603  -4.2728  2.4282  3.8793  8.4135  11.907  14.501  11.884  26.064  12.659  13.636
-0.071378  -0.18803  0.2078  0.53558  0.63003  0.28601  0.67551  0.38979  0.57836  0.086927  -1.1425  -0.31103  -1.567  -1.7198  -3.2705  -2.6718  -4.9685  -3.2882  -1.0398  0.70382  4.5232  8.4188  10.566  9.3289  12.659  28.753  13.287
0.024752  -0.23952  0.05108  0.068823  0.12615  -0.19057  0.59071  0.31686  1.5658  0.093094  -0.48589  -0.29476  -0.95769  0.75572  0.57722  0.22905  -1.5456  -3.6077  0.41204  0.5178  8.3402  7.2097  7.3297  6.1337  13.636  13.287  30.041
