 yy= [	 	-0.820679	 	-0.505249	 	0.000000	 	0.000000	 	0.002045	 	0.000000	 	0.000000	 	0.000000	 	-0.814209	 	-0.493774	 	-0.818420	 	0.503082	 	0.373627	 	-0.503876	 	-0.851807	 	-0.508606	 	0.728271	 	0.490601	 	0.708679	 	-0.502136	 	0.589722	 	0.499359	 	-0.139771	 	0.492706	 	0.479248	 	-0.510315	 	-0.198730	 	0.483887	 	0.161377	 	-0.510986	 	-0.040833	 	0.493683	 	-0.860107	 	-0.515564	 	0.012665	 	0.000946	 	0.002045	 	0.000000	 	0.000000	 	0.000000	 	-0.413513	 	-0.493591	 	-0.588562	 	0.503754	 	0.236694	 	-0.504517	 	0.010864	 	-0.507172	 	0.248047	 	0.499756	 	-0.776123	 	-0.510223	 	0.244019	 	0.494385	 	0.857056	 	-0.504059	 	0.113281	 	0.475739	 	-0.778015	 	0.494232	 	-0.711975	 	-0.505066	 	-0.540894	 	-0.509491	 	-0.207031	 	-0.518494	 	0.000000	 	0.039062	 	0.002045	 	0.000000	 	0.000000	 	0.000000	 	-0.752258	 	-0.492554	 	-0.330139	 	0.501526	 	0.700989	 	-0.506744	 	-0.014282	 	-0.506409	 
];
 
